0.07,0.00,0.31,0.00,0.00,0.00,Mon Jan  1 00:00:00 2024
-0.20,0.00,-0.20,0.00,-0.04,0.00,Mon Jan  1 00:00:01 2024
-0.20,0.00,-0.20,0.00,-0.02,0.00,Mon Jan  1 00:00:01 2024
0.14,0.00,0.23,0.00,-0.10,0.00,Mon Jan  1 00:00:02 2024
-0.20,0.00,-0.20,0.00,-0.18,0.00,Mon Jan  1 00:00:03 2024
-0.20,0.00,-0.20,0.00,-0.20,0.00,Mon Jan  1 00:00:03 2024
-0.10,0.00,-0.20,0.00,-0.20,0.00,Mon Jan  1 00:00:04 2024
-0.07,0.00,0.07,0.00,0.34,0.00,Mon Jan  1 00:00:04 2024
-0.05,0.00,0.08,0.00,0.31,0.00,Mon Jan  1 00:00:05 2024
-0.07,0.00,-0.20,0.00,-0.20,0.00,Mon Jan  1 00:00:05 2024
-0.11,0.00,-0.20,0.00,-0.20,0.00,Mon Jan  1 00:00:06 2024
-0.20,0.00,-0.14,0.00,-0.20,0.00,Mon Jan  1 00:00:06 2024
-0.20,0.00,-0.12,0.00,0.06,0.00,Mon Jan  1 00:00:07 2024
-0.20,0.00,-0.10,0.00,0.06,0.00,Mon Jan  1 00:00:08 2024
0.41,0.00,-0.07,0.00,0.08,0.00,Mon Jan  1 00:00:08 2024
0.46,0.00,0.10,0.00,0.09,0.00,Mon Jan  1 00:00:09 2024
0.42,0.00,0.01,0.00,-0.20,0.00,Mon Jan  1 00:00:09 2024
0.37,0.00,-0.01,0.00,-0.20,0.00,Mon Jan  1 00:00:10 2024
-0.20,0.00,-0.20,0.00,-0.14,0.00,Mon Jan  1 00:00:10 2024
-0.20,0.00,-0.20,0.00,-0.11,0.00,Mon Jan  1 00:00:11 2024
0.12,0.00,0.56,0.00,-0.11,0.00,Mon Jan  1 00:00:11 2024
0.10,0.00,0.50,0.00,0.14,0.00,Mon Jan  1 00:00:12 2024
0.11,0.00,0.50,0.00,0.10,0.00,Mon Jan  1 00:00:13 2024
-0.20,0.00,-0.20,0.00,0.09,0.00,Mon Jan  1 00:00:13 2024
-0.20,0.00,-0.20,0.00,-0.10,0.00,Mon Jan  1 00:00:14 2024
-0.19,0.00,0.03,0.00,0.18,0.00,Mon Jan  1 00:00:14 2024
-0.20,0.00,-0.20,0.00,-0.20,0.00,Mon Jan  1 00:00:15 2024
-0.18,0.00,-0.06,0.00,0.18,0.00,Mon Jan  1 00:00:15 2024
0.78,0.00,-0.20,0.00,1.07,0.00,Mon Jan  1 00:00:16 2024
-0.20,0.00,-0.20,0.00,-0.17,0.00,Mon Jan  1 00:00:17 2024
1.26,0.00,-0.20,0.00,0.63,0.00,Mon Jan  1 00:00:17 2024
0.93,0.00,-0.03,0.00,-0.20,0.00,Mon Jan  1 00:00:18 2024
-0.20,0.00,-0.20,0.00,-0.20,0.00,Mon Jan  1 00:00:18 2024
-0.20,0.00,-0.20,0.00,0.23,0.00,Mon Jan  1 00:00:19 2024
-0.20,0.00,0.58,0.00,1.14,0.00,Mon Jan  1 00:00:19 2024
0.00,0.00,0.16,0.00,-0.11,0.00,Mon Jan  1 00:00:20 2024
-0.20,0.00,-0.20,0.00,-0.20,0.00,Mon Jan  1 00:00:21 2024
-0.01,0.00,-0.14,0.00,-0.14,0.00,Mon Jan  1 00:00:21 2024
0.10,0.00,-0.08,0.00,-0.06,0.00,Mon Jan  1 00:00:22 2024
-0.20,0.00,-0.20,0.00,0.04,0.00,Mon Jan  1 00:00:22 2024
-0.20,0.00,-0.20,0.00,-0.20,0.00,Mon Jan  1 00:00:23 2024
-0.20,0.00,-0.20,0.00,-0.15,0.00,Mon Jan  1 00:00:23 2024
-0.08,0.00,0.05,0.00,-0.13,0.00,Mon Jan  1 00:00:24 2024
-0.07,0.00,0.06,0.00,0.06,0.00,Mon Jan  1 00:00:24 2024
-0.07,0.00,0.10,0.00,-0.04,0.00,Mon Jan  1 00:00:25 2024
-0.20,0.00,-0.20,0.00,-0.20,0.00,Mon Jan  1 00:00:26 2024
-0.18,0.00,-0.20,0.00,-0.20,0.00,Mon Jan  1 00:00:26 2024
0.01,0.00,-0.20,0.00,-0.20,0.00,Mon Jan  1 00:00:27 2024
65.33,-0.40,65.33,-0.40,65.33,-0.40,Mon Jan  1 00:00:27 2024
24.82,53.20,24.82,3.60,65.33,-0.40,Mon Jan  1 00:00:28 2024
24.82,53.60,24.82,-0.40,65.33,-0.40,Mon Jan  1 00:00:28 2024
24.82,53.60,24.81,3.60,24.82,54.00,Mon Jan  1 00:00:29 2024
24.82,53.60,24.82,3.60,24.82,54.00,Mon Jan  1 00:00:29 2024
24.83,53.60,24.82,3.60,24.82,54.00,Mon Jan  1 00:00:30 2024
24.83,53.60,24.82,3.60,24.82,54.00,Mon Jan  1 00:00:31 2024
24.82,53.60,24.82,3.60,24.81,54.00,Mon Jan  1 00:00:31 2024
24.82,54.00,24.82,3.60,24.82,54.00,Mon Jan  1 00:00:32 2024
24.83,54.00,24.82,3.60,24.82,54.00,Mon Jan  1 00:00:32 2024
24.83,54.00,24.82,3.60,24.82,54.40,Mon Jan  1 00:00:33 2024
24.83,54.00,24.82,3.60,24.82,54.40,Mon Jan  1 00:00:33 2024
24.83,54.00,24.82,3.60,24.82,54.40,Mon Jan  1 00:00:34 2024
24.83,54.00,24.82,3.60,24.82,54.40,Mon Jan  1 00:00:34 2024
24.83,54.00,24.82,3.60,24.82,54.40,Mon Jan  1 00:00:35 2024
24.83,54.40,24.83,4.00,24.82,54.40,Mon Jan  1 00:00:36 2024
24.83,54.40,24.82,4.00,24.82,54.40,Mon Jan  1 00:00:36 2024
24.82,54.40,24.82,4.00,24.82,54.40,Mon Jan  1 00:00:37 2024
24.82,54.40,24.82,4.00,24.82,54.40,Mon Jan  1 00:00:37 2024
24.83,54.40,24.82,4.00,24.82,54.40,Mon Jan  1 00:00:38 2024
24.83,54.40,24.82,4.00,24.81,54.40,Mon Jan  1 00:00:38 2024
24.83,54.40,24.82,4.00,24.82,54.40,Mon Jan  1 00:00:39 2024
24.83,54.40,24.82,4.00,24.82,54.40,Mon Jan  1 00:00:39 2024
24.83,54.40,24.82,4.00,24.82,54.80,Mon Jan  1 00:00:40 2024
24.84,54.80,24.82,4.00,24.82,54.40,Mon Jan  1 00:00:41 2024
24.83,54.40,24.82,3.60,24.82,54.80,Mon Jan  1 00:00:41 2024
24.83,54.40,24.82,3.60,24.82,54.80,Mon Jan  1 00:00:42 2024
24.83,54.40,24.82,3.60,24.82,54.80,Mon Jan  1 00:00:42 2024
24.83,54.40,24.82,3.60,24.82,54.80,Mon Jan  1 00:00:43 2024
24.83,54.40,24.82,3.60,24.82,54.80,Mon Jan  1 00:00:43 2024
24.83,54.40,24.82,3.60,24.82,54.80,Mon Jan  1 00:00:44 2024
24.83,54.40,24.82,3.60,24.82,54.80,Mon Jan  1 00:00:44 2024
24.83,54.40,24.82,3.60,24.82,54.80,Mon Jan  1 00:00:45 2024
17.18,1638.00,16.79,1638.00,17.14,4.80,Mon Jan  1 00:00:45 2024
24.86,54.80,24.85,3.60,24.84,54.80,Mon Jan  1 00:00:46 2024
24.85,54.80,24.84,3.60,24.84,54.80,Mon Jan  1 00:00:47 2024
24.85,54.80,24.84,3.60,24.83,54.80,Mon Jan  1 00:00:47 2024
24.85,54.80,24.84,3.60,24.83,55.20,Mon Jan  1 00:00:48 2024
24.85,54.80,24.83,3.60,24.83,54.80,Mon Jan  1 00:00:48 2024
24.84,54.80,24.84,3.60,24.83,55.20,Mon Jan  1 00:00:49 2024
24.84,54.80,24.83,3.60,24.83,55.20,Mon Jan  1 00:00:49 2024
24.84,54.80,24.83,3.60,24.83,54.80,Mon Jan  1 00:00:50 2024
24.85,54.80,24.83,3.60,24.83,54.80,Mon Jan  1 00:00:51 2024
24.84,54.80,24.83,3.60,24.83,55.20,Mon Jan  1 00:00:51 2024
24.84,54.80,24.83,3.60,24.83,55.20,Mon Jan  1 00:00:52 2024
24.78,54.40,24.78,3.60,24.78,54.80,Mon Jan  1 00:00:52 2024
24.53,52.40,24.48,3.60,24.46,52.40,Mon Jan  1 00:00:53 2024
17.28,1638.00,16.89,1638.00,17.24,5.20,Mon Jan  1 00:00:53 2024
24.09,49.20,24.07,3.60,24.07,49.20,Mon Jan  1 00:00:54 2024
24.06,48.80,24.06,3.60,24.05,48.80,Mon Jan  1 00:00:54 2024
23.94,48.00,23.93,3.20,23.93,48.00,Mon Jan  1 00:00:55 2024
23.94,48.00,23.93,3.20,23.91,48.00,Mon Jan  1 00:00:56 2024
23.66,45.60,23.64,3.20,23.63,46.00,Mon Jan  1 00:00:56 2024
23.65,45.60,23.64,3.60,23.63,46.00,Mon Jan  1 00:00:57 2024
23.64,45.60,23.63,3.20,23.63,46.00,Mon Jan  1 00:00:57 2024
23.64,45.60,23.63,3.20,23.62,46.00,Mon Jan  1 00:00:58 2024
23.63,45.60,23.63,3.20,23.63,46.00,Mon Jan  1 00:00:59 2024
23.64,45.60,23.64,3.20,23.63,46.00,Mon Jan  1 00:00:59 2024
23.45,44.40,23.44,3.20,23.44,44.40,Mon Jan  1 00:01:00 2024
17.31,1638.00,16.90,1638.00,17.25,5.20,Mon Jan  1 00:01:00 2024
18.04,1638.00,17.66,1638.00,17.98,8.40,Mon Jan  1 00:01:01 2024
18.31,1638.00,17.93,1638.00,18.25,9.60,Mon Jan  1 00:01:01 2024
18.51,1638.00,18.13,1638.00,18.46,10.80,Mon Jan  1 00:01:02 2024
18.70,1638.00,18.32,1638.00,18.64,12.00,Mon Jan  1 00:01:03 2024
18.85,1638.00,18.47,1638.00,18.80,12.80,Mon Jan  1 00:01:03 2024
21.22,28.40,21.29,3.20,21.13,28.00,Mon Jan  1 00:01:04 2024
21.13,27.60,21.30,3.20,21.14,28.80,Mon Jan  1 00:01:04 2024
21.32,28.80,21.20,3.20,21.15,27.20,Mon Jan  1 00:01:05 2024
21.16,27.60,21.31,3.20,21.18,28.40,Mon Jan  1 00:01:05 2024
18.95,1638.00,18.58,1638.00,18.90,13.20,Mon Jan  1 00:01:06 2024
19.10,1638.00,18.73,1638.00,19.04,14.00,Mon Jan  1 00:01:06 2024
19.18,1638.00,18.80,1638.00,19.11,14.80,Mon Jan  1 00:01:07 2024
19.22,1638.00,18.86,1638.00,19.17,14.80,Mon Jan  1 00:01:08 2024
19.26,1638.00,18.90,1638.00,19.21,15.20,Mon Jan  1 00:01:08 2024
21.27,28.40,21.26,3.20,21.13,28.00,Mon Jan  1 00:01:09 2024
21.31,29.20,21.12,2.80,21.29,28.00,Mon Jan  1 00:01:09 2024
21.24,28.40,21.23,3.20,21.23,28.40,Mon Jan  1 00:01:10 2024
21.23,28.40,21.22,3.20,21.22,28.40,Mon Jan  1 00:01:10 2024
21.24,28.40,21.24,3.20,21.23,28.40,Mon Jan  1 00:01:11 2024
21.25,28.40,21.23,3.20,21.23,28.40,Mon Jan  1 00:01:11 2024
21.23,28.40,21.23,3.20,21.22,28.40,Mon Jan  1 00:01:12 2024
21.24,28.40,21.23,2.80,21.22,28.40,Mon Jan  1 00:01:13 2024
21.22,28.40,21.22,3.20,21.22,28.40,Mon Jan  1 00:01:13 2024
21.22,28.40,21.22,2.80,21.22,28.40,Mon Jan  1 00:01:14 2024
21.22,28.40,21.22,3.20,21.22,28.40,Mon Jan  1 00:01:14 2024
21.22,28.40,21.22,3.20,21.22,28.40,Mon Jan  1 00:01:15 2024
21.23,28.40,21.23,3.20,21.22,28.40,Mon Jan  1 00:01:15 2024
19.21,14.80,19.40,2.80,19.22,15.60,Mon Jan  1 00:01:16 2024
19.34,16.40,19.18,2.80,19.40,15.60,Mon Jan  1 00:01:16 2024
19.22,15.20,19.40,2.80,19.23,16.00,Mon Jan  1 00:01:17 2024
19.20,15.20,19.37,2.80,19.29,16.00,Mon Jan  1 00:01:18 2024
17.66,1638.00,17.27,1638.00,17.58,6.40,Mon Jan  1 00:01:18 2024
18.96,1638.00,18.59,1638.00,18.90,13.20,Mon Jan  1 00:01:19 2024
18.97,1638.00,18.62,1638.00,18.91,13.20,Mon Jan  1 00:01:19 2024
18.98,1638.00,18.63,1638.00,18.91,13.20,Mon Jan  1 00:01:20 2024
18.97,1638.00,18.63,1638.00,18.92,13.20,Mon Jan  1 00:01:20 2024
18.58,1638.00,18.29,1638.00,18.55,11.20,Mon Jan  1 00:01:21 2024
18.47,1638.00,18.18,1638.00,18.43,10.40,Mon Jan  1 00:01:21 2024
17.02,1229.20,16.85,1236.40,16.99,4.00,Mon Jan  1 00:01:22 2024
16.62,1041.20,16.47,1040.80,16.60,2.80,Mon Jan  1 00:01:23 2024
16.54,995.20,16.39,996.80,16.52,2.80,Mon Jan  1 00:01:23 2024
16.10,786.40,15.98,792.00,16.08,2.40,Mon Jan  1 00:01:24 2024
16.10,800.80,15.98,807.60,16.07,2.40,Mon Jan  1 00:01:24 2024
16.10,794.80,15.98,800.80,16.08,2.40,Mon Jan  1 00:01:25 2024
16.10,793.60,15.98,797.60,16.08,2.40,Mon Jan  1 00:01:25 2024
16.10,790.80,15.98,796.40,16.08,2.40,Mon Jan  1 00:01:26 2024
16.10,784.40,15.98,785.20,16.08,2.40,Mon Jan  1 00:01:26 2024
16.10,777.20,15.98,782.00,16.08,2.40,Mon Jan  1 00:01:27 2024
16.10,769.20,15.99,773.20,16.09,2.40,Mon Jan  1 00:01:28 2024
16.10,763.60,15.99,768.00,16.08,2.40,Mon Jan  1 00:01:28 2024
16.10,760.00,15.99,762.80,16.08,2.40,Mon Jan  1 00:01:29 2024
16.10,753.60,15.99,759.20,16.08,2.40,Mon Jan  1 00:01:29 2024
16.10,747.60,15.98,752.40,16.08,2.40,Mon Jan  1 00:01:30 2024
16.10,744.40,15.99,750.00,16.08,2.40,Mon Jan  1 00:01:30 2024
16.10,736.80,15.99,743.20,16.09,2.40,Mon Jan  1 00:01:31 2024
16.10,733.60,15.99,739.60,16.08,2.40,Mon Jan  1 00:01:32 2024
16.10,730.80,15.99,733.20,16.08,2.40,Mon Jan  1 00:01:32 2024
16.10,724.80,15.99,728.80,16.08,2.40,Mon Jan  1 00:01:33 2024
16.10,719.60,15.99,725.60,16.08,2.40,Mon Jan  1 00:01:33 2024
16.10,714.40,15.99,718.80,16.08,2.40,Mon Jan  1 00:01:34 2024
16.10,711.20,15.99,716.40,16.08,2.40,Mon Jan  1 00:01:35 2024
16.10,707.60,16.00,712.80,16.08,2.40,Mon Jan  1 00:01:35 2024
16.10,704.40,15.99,705.60,16.09,2.40,Mon Jan  1 00:01:36 2024
16.10,699.60,16.00,701.60,16.09,2.40,Mon Jan  1 00:01:36 2024
16.11,696.00,16.01,699.60,16.09,2.40,Mon Jan  1 00:01:37 2024
16.11,691.20,16.01,697.20,16.09,2.40,Mon Jan  1 00:01:37 2024
16.14,703.20,16.04,708.00,16.13,2.40,Mon Jan  1 00:01:38 2024
16.24,733.60,16.13,737.60,16.22,2.40,Mon Jan  1 00:01:38 2024
16.26,732.80,16.15,738.00,16.24,2.40,Mon Jan  1 00:01:39 2024
16.38,778.00,16.26,779.60,16.35,2.40,Mon Jan  1 00:01:40 2024
16.45,796.00,16.34,797.20,16.44,2.80,Mon Jan  1 00:01:40 2024
16.52,816.80,16.40,822.80,16.50,2.80,Mon Jan  1 00:01:41 2024
16.59,839.20,16.46,845.20,16.57,2.80,Mon Jan  1 00:01:41 2024
16.70,890.00,16.58,893.20,16.68,3.20,Mon Jan  1 00:01:42 2024
16.71,873.60,16.58,876.80,16.69,3.20,Mon Jan  1 00:01:42 2024
16.78,900.40,16.65,905.20,16.76,3.20,Mon Jan  1 00:01:43 2024
16.82,904.00,16.68,911.20,16.79,3.20,Mon Jan  1 00:01:43 2024
16.88,922.40,16.75,929.20,16.86,3.60,Mon Jan  1 00:01:44 2024
16.92,926.00,16.78,935.20,16.89,3.60,Mon Jan  1 00:01:45 2024
16.96,947.20,16.82,948.80,16.94,3.60,Mon Jan  1 00:01:45 2024
17.02,965.60,16.87,968.00,16.99,4.00,Mon Jan  1 00:01:46 2024
17.08,984.00,16.94,987.60,17.06,4.00,Mon Jan  1 00:01:46 2024
17.13,998.80,16.98,1006.00,17.10,4.40,Mon Jan  1 00:01:47 2024
17.17,1007.20,17.02,1010.80,17.14,4.40,Mon Jan  1 00:01:47 2024
17.30,1057.60,17.14,1061.60,17.27,4.80,Mon Jan  1 00:01:48 2024
17.29,1043.20,17.14,1048.40,17.26,4.80,Mon Jan  1 00:01:48 2024
17.29,1040.40,17.14,1044.40,17.26,4.80,Mon Jan  1 00:01:49 2024
17.29,1030.00,17.14,1033.20,17.26,4.80,Mon Jan  1 00:01:49 2024
17.30,1026.00,17.14,1027.20,17.27,4.80,Mon Jan  1 00:01:50 2024
17.30,1019.60,17.15,1022.00,17.27,4.80,Mon Jan  1 00:01:51 2024
17.30,1009.20,17.15,1013.60,17.27,4.80,Mon Jan  1 00:01:51 2024
17.30,1004.40,17.15,1008.40,17.27,4.80,Mon Jan  1 00:01:52 2024
17.30,996.40,17.15,1000.80,17.27,4.80,Mon Jan  1 00:01:52 2024
17.30,992.00,17.15,995.20,17.28,4.80,Mon Jan  1 00:01:53 2024
17.30,983.60,17.16,989.60,17.28,4.80,Mon Jan  1 00:01:53 2024
17.30,976.80,17.16,981.60,17.27,4.80,Mon Jan  1 00:01:54 2024
17.30,971.20,17.16,976.00,17.28,4.80,Mon Jan  1 00:01:54 2024
17.30,965.60,17.17,969.60,17.28,4.80,Mon Jan  1 00:01:55 2024
17.30,962.80,17.17,963.20,17.29,4.80,Mon Jan  1 00:01:56 2024
17.30,954.80,17.17,957.20,17.28,4.80,Mon Jan  1 00:01:56 2024
17.30,948.00,17.17,952.00,17.28,4.80,Mon Jan  1 00:01:57 2024
17.30,941.60,17.17,945.20,17.28,4.80,Mon Jan  1 00:01:57 2024
17.30,937.20,17.17,940.40,17.28,4.80,Mon Jan  1 00:01:58 2024
17.30,933.60,17.17,932.80,17.29,4.80,Mon Jan  1 00:01:58 2024
17.30,927.20,17.18,929.20,17.29,4.80,Mon Jan  1 00:01:59 2024
17.31,921.20,17.18,924.80,17.29,4.80,Mon Jan  1 00:01:59 2024
17.30,914.80,17.18,922.00,17.29,4.80,Mon Jan  1 00:02:00 2024
17.31,909.60,17.18,913.20,17.29,4.80,Mon Jan  1 00:02:01 2024
17.31,905.60,17.18,908.40,17.29,4.80,Mon Jan  1 00:02:01 2024
17.31,900.40,17.18,903.20,17.29,4.80,Mon Jan  1 00:02:02 2024
17.31,894.40,17.18,899.60,17.29,4.80,Mon Jan  1 00:02:02 2024
17.31,889.20,17.18,894.40,17.30,4.80,Mon Jan  1 00:02:03 2024
17.31,886.00,17.18,888.00,17.30,4.80,Mon Jan  1 00:02:03 2024
17.31,879.60,17.18,881.60,17.29,4.80,Mon Jan  1 00:02:04 2024
17.32,873.60,17.18,875.60,17.30,4.80,Mon Jan  1 00:02:05 2024
17.31,870.00,17.18,873.60,17.30,4.80,Mon Jan  1 00:02:05 2024
17.31,865.60,17.19,868.80,17.30,4.80,Mon Jan  1 00:02:06 2024
17.31,862.80,17.19,866.00,17.30,4.80,Mon Jan  1 00:02:06 2024
17.31,852.80,17.19,858.00,17.30,4.80,Mon Jan  1 00:02:07 2024
17.32,851.20,17.19,854.40,17.30,4.80,Mon Jan  1 00:02:07 2024
17.32,844.40,17.19,849.20,17.30,4.80,Mon Jan  1 00:02:08 2024
17.32,843.20,17.19,845.20,17.30,4.80,Mon Jan  1 00:02:09 2024
17.32,835.60,17.20,839.60,17.30,4.80,Mon Jan  1 00:02:09 2024
17.32,832.40,17.20,834.00,17.30,4.80,Mon Jan  1 00:02:10 2024
17.32,826.80,17.20,831.20,17.30,4.80,Mon Jan  1 00:02:10 2024
17.32,826.80,17.20,827.20,17.30,4.80,Mon Jan  1 00:02:11 2024
17.32,821.20,17.20,824.80,17.30,4.80,Mon Jan  1 00:02:11 2024
17.32,819.60,17.20,820.40,17.30,4.80,Mon Jan  1 00:02:12 2024
17.32,814.40,17.21,816.80,17.30,4.80,Mon Jan  1 00:02:13 2024
17.32,811.20,17.21,813.20,17.30,4.80,Mon Jan  1 00:02:13 2024
17.32,807.60,17.20,811.60,17.30,4.80,Mon Jan  1 00:02:14 2024
17.33,809.20,17.21,806.80,17.30,4.80,Mon Jan  1 00:02:14 2024
17.33,800.40,17.21,803.20,17.30,4.80,Mon Jan  1 00:02:15 2024
17.33,797.20,17.21,797.60,17.31,4.80,Mon Jan  1 00:02:15 2024
17.33,793.60,17.21,795.60,17.30,4.80,Mon Jan  1 00:02:16 2024
17.33,791.60,17.22,791.60,17.31,4.80,Mon Jan  1 00:02:16 2024
17.33,786.40,17.21,790.80,17.30,4.80,Mon Jan  1 00:02:17 2024
17.33,784.80,17.21,785.60,17.31,4.80,Mon Jan  1 00:02:18 2024
17.33,781.20,17.22,785.20,17.31,4.80,Mon Jan  1 00:02:18 2024
17.33,780.00,17.22,781.20,17.31,4.80,Mon Jan  1 00:02:19 2024
17.33,773.60,17.22,776.00,17.31,4.80,Mon Jan  1 00:02:19 2024
17.33,771.20,17.22,776.40,17.31,4.80,Mon Jan  1 00:02:20 2024
17.33,768.00,17.22,768.80,17.31,4.80,Mon Jan  1 00:02:20 2024
17.33,766.00,17.22,768.40,17.31,4.80,Mon Jan  1 00:02:21 2024
17.34,760.40,17.22,762.40,17.31,4.80,Mon Jan  1 00:02:21 2024
17.34,756.00,17.22,757.60,17.31,4.80,Mon Jan  1 00:02:22 2024
17.34,754.00,17.22,756.40,17.31,4.80,Mon Jan  1 00:02:23 2024
17.34,750.40,17.22,753.60,17.31,4.80,Mon Jan  1 00:02:23 2024
17.34,750.00,17.22,750.40,17.31,4.80,Mon Jan  1 00:02:24 2024
17.34,748.40,17.22,748.00,17.31,4.80,Mon Jan  1 00:02:24 2024
17.33,744.00,17.22,744.80,17.32,4.80,Mon Jan  1 00:02:25 2024
17.34,740.40,17.22,744.00,17.31,4.80,Mon Jan  1 00:02:25 2024
17.34,740.80,17.22,742.00,17.32,4.80,Mon Jan  1 00:02:26 2024
17.34,736.40,17.22,738.00,17.32,4.80,Mon Jan  1 00:02:26 2024
17.34,732.80,17.22,734.00,17.32,4.80,Mon Jan  1 00:02:27 2024
17.34,732.40,17.22,732.40,17.32,4.80,Mon Jan  1 00:02:27 2024
17.34,726.80,17.22,730.40,17.32,4.80,Mon Jan  1 00:02:28 2024
17.34,726.40,17.23,724.80,17.32,4.80,Mon Jan  1 00:02:29 2024
17.34,724.40,17.23,724.40,17.31,4.80,Mon Jan  1 00:02:29 2024
17.34,720.00,17.22,720.80,17.31,4.80,Mon Jan  1 00:02:30 2024
17.34,717.60,17.22,718.80,17.32,4.80,Mon Jan  1 00:02:30 2024
