0.26,-0.26,0.00,0.00,0.00,0.00,0.00,699.00,0.00,Mon Jan  1 00:00:00 2024
0.08,-0.08,0.00,0.00,0.00,0.00,0.00,23.40,0.00,Mon Jan  1 00:00:02 2024
0.00,0.00,0.00,0.00,0.00,0.00,0.00,23.40,0.00,Mon Jan  1 00:00:03 2024
0.06,-0.06,0.00,0.00,0.00,0.00,0.00,23.40,0.00,Mon Jan  1 00:00:05 2024
0.00,0.00,0.00,0.00,0.00,0.00,0.04,23.40,0.00,Mon Jan  1 00:00:06 2024
0.00,0.00,0.00,0.00,0.00,0.00,0.00,23.40,0.00,Mon Jan  1 00:00:08 2024
0.00,0.00,0.00,0.00,0.00,0.00,0.04,23.40,0.00,Mon Jan  1 00:00:09 2024
0.00,0.00,0.00,0.00,0.00,0.00,0.00,23.10,0.00,Mon Jan  1 00:00:11 2024
0.00,0.00,0.00,0.00,0.00,0.00,0.00,23.10,0.00,Mon Jan  1 00:00:12 2024
0.00,0.00,0.00,0.00,0.00,0.00,0.00,23.00,0.00,Mon Jan  1 00:00:14 2024
0.00,0.00,0.00,0.00,0.00,0.00,0.00,23.00,0.00,Mon Jan  1 00:00:15 2024
0.00,0.00,0.00,0.00,0.00,0.00,0.00,23.00,0.00,Mon Jan  1 00:00:17 2024
0.00,0.00,0.00,0.00,0.00,0.00,0.04,23.00,0.00,Mon Jan  1 00:00:18 2024
0.00,0.00,0.00,0.00,0.00,0.00,0.00,23.00,0.00,Mon Jan  1 00:00:20 2024
0.00,0.00,0.00,0.00,0.00,0.00,0.04,23.00,0.00,Mon Jan  1 00:00:21 2024
0.00,0.00,0.00,0.00,0.00,0.00,0.00,23.00,0.00,Mon Jan  1 00:00:23 2024
0.00,0.00,0.00,0.00,0.00,0.00,0.00,23.00,0.00,Mon Jan  1 00:00:24 2024
0.02,-0.02,0.00,0.00,0.00,0.00,0.00,23.00,0.00,Mon Jan  1 00:00:26 2024
0.02,-0.02,0.00,0.00,0.00,0.00,0.04,23.00,0.00,Mon Jan  1 00:00:27 2024
0.03,-0.03,0.00,0.00,0.00,0.00,0.00,23.00,0.00,Mon Jan  1 00:00:29 2024
0.03,-0.03,0.00,0.00,0.00,0.00,0.00,23.00,0.00,Mon Jan  1 00:00:30 2024
0.01,-0.01,0.00,0.00,0.00,0.00,-0.04,23.00,0.00,Mon Jan  1 00:00:32 2024
0.00,0.00,0.00,0.00,0.00,0.00,-0.04,23.00,0.00,Mon Jan  1 00:00:33 2024
0.00,0.00,0.00,0.00,0.00,0.00,0.00,23.00,0.00,Mon Jan  1 00:00:35 2024
0.00,0.00,0.00,0.00,0.00,0.00,0.04,23.00,0.00,Mon Jan  1 00:00:36 2024
0.00,0.00,0.00,0.00,0.00,0.00,0.00,23.00,0.00,Mon Jan  1 00:00:38 2024
0.00,0.00,0.00,0.00,0.00,0.00,0.00,23.00,0.00,Mon Jan  1 00:00:39 2024
0.00,0.00,0.00,0.00,0.00,0.00,0.00,23.00,0.00,Mon Jan  1 00:00:41 2024
0.05,-0.05,0.00,0.00,0.00,0.00,0.00,23.00,0.00,Mon Jan  1 00:00:42 2024
0.00,-0.00,0.00,0.00,0.00,0.00,-0.04,23.00,0.00,Mon Jan  1 00:00:44 2024
0.00,0.00,0.00,0.00,0.00,0.00,-0.08,23.00,0.00,Mon Jan  1 00:00:45 2024
0.00,0.00,0.00,0.00,0.00,0.00,0.00,23.00,0.00,Mon Jan  1 00:00:47 2024
0.06,-0.06,0.00,0.00,0.00,0.00,0.00,23.00,0.00,Mon Jan  1 00:00:48 2024
0.19,-0.19,0.00,0.00,0.00,0.00,0.00,23.00,0.00,Mon Jan  1 00:00:50 2024
0.27,-0.27,0.00,0.00,0.00,0.00,0.04,23.00,0.00,Mon Jan  1 00:00:51 2024
0.34,-0.34,0.00,0.00,0.00,0.00,0.00,23.00,0.00,Mon Jan  1 00:00:53 2024
0.49,-0.49,0.00,0.00,0.00,0.00,-0.04,23.00,0.00,Mon Jan  1 00:00:54 2024
0.44,-0.44,-0.00,0.00,0.00,0.00,0.04,23.00,0.00,Mon Jan  1 00:00:56 2024
0.03,-0.03,0.00,0.00,0.00,0.00,0.00,23.00,0.00,Mon Jan  1 00:00:57 2024
0.00,0.00,0.00,0.00,0.00,0.00,0.00,22.90,0.00,Mon Jan  1 00:00:59 2024
0.04,-0.04,0.00,0.00,0.00,0.00,0.00,22.90,0.00,Mon Jan  1 00:01:00 2024
0.05,-0.05,0.00,0.00,0.00,0.00,0.00,22.70,0.00,Mon Jan  1 00:01:02 2024
0.43,-0.43,0.00,0.00,0.00,0.00,-0.04,22.70,0.00,Mon Jan  1 00:01:03 2024
0.03,-0.03,0.00,0.00,0.00,0.00,0.00,22.60,0.00,Mon Jan  1 00:01:05 2024
0.00,0.00,0.00,0.00,0.00,0.00,-0.04,22.60,0.00,Mon Jan  1 00:01:06 2024
0.00,0.00,0.00,0.00,0.00,0.00,-0.04,22.60,0.00,Mon Jan  1 00:01:08 2024
0.00,0.00,0.00,0.00,0.00,0.00,-0.08,22.60,0.00,Mon Jan  1 00:00:00 2024
0.00,0.00,0.00,0.00,0.00,0.00,0.00,22.60,0.00,Mon Jan  1 00:00:02 2024
0.18,-0.18,0.00,0.00,0.00,0.00,0.12,22.60,0.00,Mon Jan  1 00:00:03 2024
0.41,-0.41,0.00,0.00,0.00,0.00,0.00,22.60,0.00,Mon Jan  1 00:00:05 2024
0.41,-0.41,0.00,0.00,0.00,0.00,0.00,22.60,0.00,Mon Jan  1 00:00:06 2024
0.55,-0.54,-0.01,0.00,0.00,0.00,0.00,22.60,0.00,Mon Jan  1 00:00:08 2024
0.52,-0.45,-0.07,0.00,0.00,0.00,0.00,22.60,0.00,Mon Jan  1 00:00:09 2024
0.42,-0.42,0.00,0.00,0.00,0.00,0.00,22.60,0.00,Mon Jan  1 00:00:11 2024
0.08,-0.08,0.00,0.00,0.00,0.00,-0.04,22.60,0.00,Mon Jan  1 00:00:12 2024
0.00,0.00,0.00,0.00,0.00,0.00,0.04,22.60,0.00,Mon Jan  1 00:00:14 2024
0.01,-0.01,0.00,0.00,0.00,0.00,0.00,22.60,0.00,Mon Jan  1 00:00:15 2024
0.00,0.00,0.00,0.00,0.00,0.00,0.00,22.60,0.00,Mon Jan  1 00:00:17 2024
0.00,0.00,0.00,0.00,0.00,0.00,0.00,22.60,0.00,Mon Jan  1 00:00:18 2024
0.08,-0.08,0.00,0.00,0.00,0.00,0.00,22.60,0.00,Mon Jan  1 00:00:20 2024
0.22,-0.22,0.00,0.00,0.00,0.00,0.00,22.60,0.00,Mon Jan  1 00:00:21 2024
0.13,-0.13,0.00,0.00,0.00,0.00,-0.04,22.60,0.00,Mon Jan  1 00:00:23 2024
0.56,-0.52,-0.04,0.00,0.00,0.00,0.00,22.60,0.00,Mon Jan  1 00:00:24 2024
0.51,-0.51,0.00,0.00,0.00,0.00,0.00,22.60,0.00,Mon Jan  1 00:00:26 2024
0.53,-0.46,-0.07,0.00,0.00,0.00,0.00,22.60,0.00,Mon Jan  1 00:00:27 2024
0.52,-0.52,0.00,0.00,0.00,0.00,0.00,22.60,0.00,Mon Jan  1 00:00:29 2024
0.50,-0.49,-0.01,0.00,0.00,0.00,-0.08,22.60,0.00,Mon Jan  1 00:00:30 2024
0.51,-0.51,0.00,0.00,0.00,0.00,0.00,22.60,0.00,Mon Jan  1 00:00:32 2024
3.81,3.81,3.83,3.71,3.90,3.94,-26.75,21.80,23.01,Mon Jan  1 00:00:00 2024
3.84,3.78,3.80,3.86,3.82,3.91,-24.37,21.80,23.01,Mon Jan  1 00:00:02 2024
3.84,3.78,3.83,3.80,3.81,3.93,-24.42,21.80,22.98,Mon Jan  1 00:00:03 2024
3.84,3.78,3.82,4.04,3.57,3.93,-24.42,21.80,22.98,Mon Jan  1 00:00:05 2024
3.88,3.74,3.81,4.02,3.62,3.91,-24.46,21.80,22.98,Mon Jan  1 00:00:06 2024
3.82,3.79,3.81,3.77,3.87,3.78,-44.12,21.80,22.84,Mon Jan  1 00:00:08 2024
3.83,3.78,3.82,3.78,3.85,3.90,-24.37,21.80,22.96,Mon Jan  1 00:00:09 2024
3.83,3.84,3.76,3.74,3.89,3.84,-24.42,21.80,22.90,Mon Jan  1 00:00:11 2024
3.83,3.78,3.81,3.80,3.79,3.95,-24.37,21.80,22.97,Mon Jan  1 00:00:12 2024
3.89,3.73,3.81,3.83,3.79,4.40,-24.42,21.80,23.44,Mon Jan  1 00:00:14 2024
3.84,3.75,3.86,3.79,3.82,3.91,-26.75,21.80,22.97,Mon Jan  1 00:00:15 2024
3.84,3.78,3.82,3.79,3.84,3.92,-24.42,21.80,22.99,Mon Jan  1 00:00:17 2024
3.84,3.78,3.73,3.88,3.85,3.90,-24.42,21.80,22.97,Mon Jan  1 00:00:18 2024
3.87,3.75,3.82,3.82,3.71,4.01,-24.54,21.80,22.97,Mon Jan  1 00:00:20 2024
3.84,3.77,3.82,3.82,3.81,3.90,-24.42,21.80,22.96,Mon Jan  1 00:00:21 2024
3.84,3.77,3.80,3.83,3.80,3.92,-24.42,21.80,22.96,Mon Jan  1 00:00:23 2024
3.81,3.81,3.83,3.85,3.77,3.91,-24.37,21.80,22.98,Mon Jan  1 00:00:24 2024
3.89,3.73,3.83,3.81,3.80,3.92,-24.46,21.80,22.98,Mon Jan  1 00:00:26 2024
3.81,3.81,3.83,3.75,3.88,3.90,-24.42,21.80,22.98,Mon Jan  1 00:00:27 2024
3.83,3.78,3.82,3.82,3.81,3.91,-24.46,21.80,22.97,Mon Jan  1 00:00:29 2024
3.83,3.79,3.83,3.79,3.83,3.93,-24.46,21.80,23.00,Mon Jan  1 00:00:30 2024
3.81,3.81,3.82,3.77,3.80,3.97,-24.58,21.80,22.98,Mon Jan  1 00:00:32 2024
3.83,3.79,3.77,3.85,3.82,3.91,-24.46,21.80,22.97,Mon Jan  1 00:00:33 2024
3.83,3.75,3.82,3.78,3.82,4.01,-24.54,21.80,23.00,Mon Jan  1 00:00:35 2024
3.82,3.74,3.83,3.85,3.66,4.11,-24.21,21.80,23.00,Mon Jan  1 00:00:36 2024
3.83,3.78,3.84,3.81,3.81,3.85,-24.46,21.80,22.92,Mon Jan  1 00:00:38 2024
3.84,3.77,3.86,3.74,3.69,4.07,-21.50,21.80,22.98,Mon Jan  1 00:00:39 2024
3.82,3.80,3.81,3.81,3.78,4.01,-24.58,21.80,23.02,Mon Jan  1 00:00:41 2024
3.83,3.78,3.82,3.79,3.98,3.75,-21.08,21.80,22.94,Mon Jan  1 00:00:42 2024
3.84,3.77,3.82,3.77,3.88,3.85,-44.17,21.80,22.93,Mon Jan  1 00:00:44 2024
3.89,3.77,3.79,3.81,3.81,3.91,-21.33,21.80,22.98,Mon Jan  1 00:00:45 2024
3.86,3.78,3.85,3.77,3.80,3.93,-24.54,21.80,22.99,Mon Jan  1 00:00:47 2024
3.78,3.81,3.79,3.78,3.83,3.87,-24.54,21.80,22.86,Mon Jan  1 00:00:48 2024
3.86,3.75,3.82,3.82,3.82,3.89,-21.54,21.80,22.96,Mon Jan  1 00:00:50 2024
3.86,3.78,3.79,3.79,3.85,3.90,-24.54,21.80,22.97,Mon Jan  1 00:00:51 2024
3.84,3.78,3.84,3.75,3.84,3.94,-32.37,21.80,22.99,Mon Jan  1 00:00:53 2024
3.82,3.79,3.78,3.82,3.85,3.86,-21.00,21.80,22.92,Mon Jan  1 00:00:54 2024
3.81,3.80,3.80,3.77,3.87,3.87,-21.21,21.80,22.92,Mon Jan  1 00:00:56 2024
3.78,3.81,3.82,3.79,3.84,3.77,-38.83,21.80,22.81,Mon Jan  1 00:00:57 2024
3.81,3.80,3.80,3.82,3.78,3.98,-21.04,21.80,22.99,Mon Jan  1 00:00:59 2024
3.82,3.79,3.81,3.79,3.78,3.96,-20.62,21.50,22.95,Mon Jan  1 00:01:00 2024
3.81,3.78,3.83,3.72,3.85,3.85,-20.37,21.50,22.86,Mon Jan  1 00:01:02 2024
3.85,3.80,3.79,3.80,3.78,3.96,-20.42,21.40,22.98,Mon Jan  1 00:01:03 2024
3.84,3.78,3.80,3.85,3.79,3.94,-20.00,21.40,23.00,Mon Jan  1 00:01:05 2024
3.85,3.76,3.83,3.82,3.81,3.93,-20.29,21.40,23.00,Mon Jan  1 00:01:06 2024
3.86,3.77,3.80,3.82,3.80,3.94,-20.08,21.40,23.01,Mon Jan  1 00:01:08 2024
3.83,3.79,3.83,3.79,3.83,3.95,-19.62,21.40,23.02,Mon Jan  1 00:01:09 2024
3.84,3.78,3.83,3.80,3.83,3.90,-20.17,21.40,22.97,Mon Jan  1 00:01:11 2024
3.84,3.78,3.83,3.79,3.82,3.91,-20.25,21.40,22.96,Mon Jan  1 00:01:12 2024
3.83,3.79,3.80,3.78,3.85,3.94,-20.37,21.40,22.98,Mon Jan  1 00:01:14 2024
3.82,3.79,3.81,3.82,3.81,3.86,-17.25,21.40,22.91,Mon Jan  1 00:01:15 2024
3.81,3.80,3.80,3.79,3.84,3.80,-12.87,21.40,22.84,Mon Jan  1 00:01:17 2024
3.83,3.78,3.86,3.81,3.82,3.93,64.08,21.40,23.03,Mon Jan  1 00:01:18 2024
3.84,3.79,3.84,3.81,3.75,4.01,66.79,21.40,23.04,Mon Jan  1 00:01:20 2024
3.83,3.80,3.81,3.83,3.81,3.94,67.04,21.40,23.03,Mon Jan  1 00:01:21 2024
3.81,3.81,3.86,3.76,3.79,4.09,109.58,21.40,23.12,Mon Jan  1 00:01:23 2024
3.84,3.81,3.86,3.87,3.82,3.94,155.96,21.40,23.13,Mon Jan  1 00:01:24 2024
3.85,3.81,3.84,3.91,3.82,4.05,250.54,21.40,23.28,Mon Jan  1 00:01:26 2024
3.88,3.84,3.85,3.89,3.71,4.11,268.67,21.40,23.28,Mon Jan  1 00:01:27 2024
3.89,3.82,3.86,3.88,3.81,4.00,307.33,21.40,23.26,Mon Jan  1 00:01:29 2024
3.95,3.86,3.86,3.95,3.85,4.12,496.17,21.40,23.59,Mon Jan  1 00:01:30 2024
3.95,3.90,3.81,3.93,3.94,4.06,496.83,21.40,23.59,Mon Jan  1 00:01:32 2024
3.96,3.85,3.89,3.92,3.87,4.09,490.58,21.40,23.57,Mon Jan  1 00:01:33 2024
3.94,3.89,3.91,3.88,3.92,4.07,518.67,21.40,23.60,Mon Jan  1 00:01:35 2024
3.93,3.88,3.88,3.95,3.81,4.11,504.96,21.40,23.56,Mon Jan  1 00:01:36 2024
3.95,3.90,3.86,3.91,3.92,4.08,503.04,21.40,23.61,Mon Jan  1 00:01:38 2024
3.95,3.87,3.91,3.84,3.92,4.07,500.21,21.40,23.56,Mon Jan  1 00:01:39 2024
3.94,3.87,3.85,3.95,3.87,4.06,499.75,21.40,23.54,Mon Jan  1 00:01:41 2024
3.94,3.88,3.88,3.90,3.94,3.90,500.25,21.40,23.44,Mon Jan  1 00:01:42 2024
3.94,3.88,3.89,3.93,3.85,4.09,489.08,21.40,23.58,Mon Jan  1 00:01:44 2024
3.95,3.90,3.88,3.93,3.87,4.10,494.92,21.40,23.63,Mon Jan  1 00:01:45 2024
3.81,3.81,3.84,3.82,3.79,3.72,-26.83,21.40,22.78,Mon Jan  1 00:01:47 2024
3.81,3.81,3.83,3.82,3.79,3.97,-50.58,21.40,23.02,Mon Jan  1 00:01:48 2024
3.82,3.78,3.83,3.83,3.81,3.93,-26.87,21.40,23.01,Mon Jan  1 00:01:50 2024
3.81,3.81,3.79,3.83,3.77,3.95,-26.92,21.40,22.96,Mon Jan  1 00:01:51 2024
3.99,3.88,3.89,3.89,3.91,4.09,497.92,21.40,23.67,Mon Jan  1 00:01:53 2024
3.93,3.89,3.89,3.92,3.85,4.03,488.25,21.40,23.51,Mon Jan  1 00:01:54 2024
3.95,3.88,3.88,3.94,3.90,4.03,491.17,21.40,23.58,Mon Jan  1 00:01:56 2024
3.95,3.89,3.86,3.86,3.94,4.10,491.17,21.40,23.60,Mon Jan  1 00:01:57 2024
3.95,3.89,3.89,3.88,3.96,4.04,487.96,21.40,23.61,Mon Jan  1 00:01:59 2024
3.96,3.86,3.91,3.93,3.82,4.13,487.12,21.40,23.61,Mon Jan  1 00:02:00 2024
3.97,3.87,3.87,3.92,3.94,4.01,485.17,21.40,23.59,Mon Jan  1 00:02:02 2024
3.97,3.91,3.84,3.94,3.92,4.15,486.42,21.40,23.74,Mon Jan  1 00:02:03 2024
3.98,3.88,3.89,3.95,3.81,4.20,485.33,21.40,23.71,Mon Jan  1 00:02:05 2024
3.98,3.87,3.91,3.94,3.87,4.13,482.92,21.40,23.71,Mon Jan  1 00:02:06 2024
3.98,3.88,3.88,3.98,3.87,4.04,475.42,21.40,23.63,Mon Jan  1 00:02:08 2024
3.97,3.87,3.90,3.94,3.92,4.10,474.08,21.40,23.71,Mon Jan  1 00:02:09 2024
3.99,3.89,3.91,3.94,3.91,4.15,598.50,21.40,23.79,Mon Jan  1 00:02:11 2024
4.01,3.90,3.91,3.95,3.94,4.06,601.50,21.40,23.77,Mon Jan  1 00:02:12 2024
3.86,3.79,3.85,3.78,3.90,3.90,-25.29,21.40,23.08,Mon Jan  1 00:02:14 2024
3.86,3.82,3.81,3.78,3.88,3.96,-24.79,21.40,23.13,Mon Jan  1 00:02:15 2024
3.86,3.79,3.84,3.80,3.82,4.00,-24.00,21.40,23.12,Mon Jan  1 00:02:17 2024
3.87,3.80,3.82,3.81,3.87,4.06,-22.87,21.40,23.24,Mon Jan  1 00:02:18 2024
3.89,3.78,3.82,3.80,3.88,3.98,-20.42,21.40,23.15,Mon Jan  1 00:02:20 2024
3.87,3.79,3.83,3.90,3.78,3.91,-15.92,21.40,23.08,Mon Jan  1 00:02:21 2024
3.88,3.81,3.78,3.94,3.76,3.94,-10.17,21.40,23.11,Mon Jan  1 00:02:23 2024
3.86,3.81,3.82,3.79,3.89,3.93,-2.37,21.40,23.10,Mon Jan  1 00:02:24 2024
3.86,3.80,3.84,3.78,3.88,3.93,8.13,21.40,23.10,Mon Jan  1 00:02:26 2024
3.84,3.82,3.84,3.81,3.84,3.93,22.08,21.40,23.08,Mon Jan  1 00:02:27 2024
3.83,3.81,3.85,3.79,3.87,3.96,43.25,21.40,23.12,Mon Jan  1 00:02:29 2024
3.85,3.80,3.86,3.79,3.89,3.92,63.88,21.40,23.10,Mon Jan  1 00:02:30 2024
3.86,3.82,3.84,3.77,3.90,3.84,86.08,21.40,23.04,Mon Jan  1 00:02:32 2024
3.88,3.79,3.83,3.86,3.84,3.99,109.50,21.40,23.20,Mon Jan  1 00:02:33 2024
3.90,3.83,3.83,3.95,3.79,3.95,138.25,21.40,23.24,Mon Jan  1 00:02:35 2024
3.92,3.82,3.85,3.79,3.91,4.00,174.58,21.40,23.29,Mon Jan  1 00:02:36 2024
3.93,3.83,3.85,3.87,3.86,4.00,206.29,21.40,23.34,Mon Jan  1 00:02:38 2024
3.94,3.85,3.82,3.90,3.87,4.01,243.58,21.40,23.39,Mon Jan  1 00:02:39 2024
3.95,3.77,3.91,3.87,3.87,4.06,277.67,21.40,23.42,Mon Jan  1 00:02:41 2024
3.95,3.85,3.86,3.86,3.94,3.99,317.08,21.40,23.45,Mon Jan  1 00:02:42 2024
3.96,3.87,3.87,3.83,3.96,3.96,352.21,21.40,23.43,Mon Jan  1 00:02:44 2024
3.96,3.85,3.88,3.91,3.90,4.06,396.25,21.40,23.56,Mon Jan  1 00:02:45 2024
3.97,3.87,3.88,3.89,3.92,4.05,435.79,21.40,23.59,Mon Jan  1 00:02:47 2024
3.94,3.88,3.91,3.87,3.87,4.14,437.87,21.40,23.61,Mon Jan  1 00:02:48 2024
3.95,3.88,3.86,3.96,3.85,4.08,438.46,21.40,23.57,Mon Jan  1 00:02:50 2024
3.94,3.90,3.86,3.91,3.93,3.99,434.42,21.40,23.54,Mon Jan  1 00:02:51 2024
3.94,3.85,3.87,3.94,3.92,4.06,430.67,21.40,23.59,Mon Jan  1 00:02:53 2024
3.93,3.89,3.86,3.91,3.90,4.08,432.87,21.40,23.58,Mon Jan  1 00:02:54 2024
3.95,3.90,3.87,3.93,3.90,4.11,431.83,21.40,23.65,Mon Jan  1 00:02:56 2024
3.92,3.91,3.87,3.91,3.92,4.11,431.67,21.40,23.65,Mon Jan  1 00:02:57 2024
3.93,3.90,3.86,3.92,3.92,4.04,430.21,21.40,23.58,Mon Jan  1 00:02:59 2024
3.94,3.88,3.90,3.92,3.90,4.09,433.92,21.40,23.63,Mon Jan  1 00:03:00 2024
3.94,3.86,3.89,3.95,3.90,4.03,433.17,21.40,23.57,Mon Jan  1 00:03:02 2024
3.94,3.87,3.95,3.86,3.91,4.04,432.33,21.40,23.57,Mon Jan  1 00:03:03 2024
3.95,3.89,3.89,3.90,3.94,4.02,429.08,21.40,23.59,Mon Jan  1 00:03:05 2024
3.94,3.90,3.89,3.93,3.94,4.03,430.46,21.40,23.63,Mon Jan  1 00:03:06 2024
3.94,3.87,3.87,3.95,3.91,4.01,432.00,21.40,23.55,Mon Jan  1 00:03:08 2024
3.95,3.89,3.89,3.91,3.95,4.05,430.37,21.40,23.63,Mon Jan  1 00:03:09 2024
3.94,3.87,3.88,3.98,3.86,4.05,428.37,21.40,23.59,Mon Jan  1 00:03:11 2024
3.95,3.89,3.90,3.90,3.91,4.06,431.46,21.40,23.62,Mon Jan  1 00:03:12 2024
3.95,3.92,3.86,3.91,3.85,4.13,431.67,21.40,23.62,Mon Jan  1 00:03:14 2024
3.97,3.88,3.87,3.99,3.87,4.08,429.62,21.40,23.66,Mon Jan  1 00:03:15 2024
3.99,3.86,3.89,3.97,3.87,4.03,425.75,21.40,23.62,Mon Jan  1 00:03:17 2024
4.00,3.85,3.86,4.01,3.88,4.05,427.71,21.40,23.65,Mon Jan  1 00:03:18 2024
4.00,3.86,3.89,3.99,3.89,4.05,430.04,21.40,23.67,Mon Jan  1 00:03:20 2024
3.97,3.89,3.89,3.93,3.89,4.09,426.92,21.40,23.67,Mon Jan  1 00:03:21 2024
3.95,3.91,3.89,3.97,3.86,4.15,425.37,21.40,23.73,Mon Jan  1 00:03:23 2024
3.96,3.89,3.90,3.97,3.88,4.06,426.79,21.40,23.66,Mon Jan  1 00:03:24 2024
3.97,3.87,3.89,3.97,3.87,4.09,429.37,21.40,23.67,Mon Jan  1 00:03:26 2024
3.95,3.90,3.89,3.96,3.90,4.10,427.25,21.40,23.69,Mon Jan  1 00:03:27 2024
3.91,3.94,3.83,3.96,3.91,4.10,424.21,21.40,23.66,Mon Jan  1 00:03:29 2024
3.95,3.89,3.91,3.94,3.89,4.05,423.33,21.40,23.62,Mon Jan  1 00:03:30 2024
3.95,3.88,3.90,3.95,3.90,4.04,426.92,21.40,23.62,Mon Jan  1 00:03:32 2024
3.95,3.89,3.91,3.94,3.86,4.07,424.17,21.40,23.62,Mon Jan  1 00:03:33 2024
3.96,3.88,3.89,3.97,3.87,4.02,414.37,21.40,23.60,Mon Jan  1 00:03:35 2024
3.96,3.89,3.90,3.93,3.90,4.11,427.08,21.40,23.70,Mon Jan  1 00:03:36 2024
3.98,3.86,3.94,3.93,3.93,4.08,427.25,21.40,23.71,Mon Jan  1 00:03:38 2024
3.97,3.88,3.92,3.95,3.86,3.92,423.58,21.40,23.51,Mon Jan  1 00:03:39 2024
3.98,3.87,3.92,3.93,3.91,4.05,422.00,21.40,23.66,Mon Jan  1 00:03:41 2024
3.97,3.89,3.90,3.88,3.98,4.08,421.67,21.40,23.70,Mon Jan  1 00:03:42 2024
3.98,3.87,3.92,3.88,3.97,4.09,425.17,21.40,23.71,Mon Jan  1 00:03:44 2024
3.98,3.88,3.90,3.89,3.99,4.08,423.54,21.40,23.71,Mon Jan  1 00:03:45 2024
3.99,3.87,3.91,4.00,3.80,4.14,421.92,21.40,23.71,Mon Jan  1 00:03:47 2024
3.89,3.81,3.83,3.85,3.86,3.94,-26.04,21.40,23.19,Mon Jan  1 00:03:48 2024
3.90,3.81,3.84,3.95,3.74,3.99,-25.92,21.40,23.24,Mon Jan  1 00:03:50 2024
3.89,3.78,3.84,3.84,3.69,4.11,-25.92,21.40,23.16,Mon Jan  1 00:03:51 2024
3.87,3.82,3.88,3.81,3.86,3.91,-25.83,21.40,23.16,Mon Jan  1 00:03:53 2024
3.87,3.82,3.82,3.87,3.83,4.01,-25.58,21.40,23.23,Mon Jan  1 00:03:54 2024
3.85,3.84,3.83,3.84,3.84,3.94,-24.87,21.40,23.14,Mon Jan  1 00:03:56 2024
3.84,3.78,3.90,3.81,3.85,4.01,-23.92,21.40,23.18,Mon Jan  1 00:03:57 2024
3.84,3.82,3.84,3.84,3.95,3.82,-22.67,21.40,23.11,Mon Jan  1 00:03:59 2024
3.83,3.80,3.88,3.81,3.88,3.93,-20.62,21.40,23.13,Mon Jan  1 00:04:00 2024
3.84,3.83,3.84,3.79,3.83,4.01,-17.04,21.40,23.14,Mon Jan  1 00:04:02 2024
3.81,3.84,3.88,3.75,3.86,4.01,-10.79,21.40,23.14,Mon Jan  1 00:04:03 2024
3.84,3.83,3.84,3.82,3.87,3.93,-1.83,21.40,23.13,Mon Jan  1 00:04:05 2024
3.84,3.81,3.84,3.85,3.83,3.97,8.87,21.40,23.15,Mon Jan  1 00:04:06 2024
3.83,3.83,3.83,3.84,3.97,3.75,20.83,21.40,23.06,Mon Jan  1 00:04:08 2024
3.85,3.83,3.81,3.90,3.82,3.93,38.04,21.40,23.13,Mon Jan  1 00:04:09 2024
3.85,3.85,3.83,3.95,3.59,4.15,61.08,21.40,23.22,Mon Jan  1 00:04:11 2024
3.89,3.84,3.85,3.86,3.86,3.96,87.33,21.40,23.25,Mon Jan  1 00:04:12 2024
3.88,3.86,3.84,3.88,3.86,3.97,111.00,21.40,23.28,Mon Jan  1 00:04:14 2024
3.91,3.84,3.84,3.89,3.89,3.98,136.92,21.40,23.34,Mon Jan  1 00:04:15 2024
3.94,3.83,3.86,3.88,3.86,3.98,167.62,21.40,23.35,Mon Jan  1 00:04:17 2024
3.94,3.85,3.87,3.84,3.94,3.96,201.00,21.40,23.39,Mon Jan  1 00:04:18 2024
3.92,3.85,3.86,3.87,3.91,3.86,203.17,21.40,23.27,Mon Jan  1 00:04:20 2024
3.94,3.84,3.86,3.89,3.89,4.02,202.96,21.40,23.42,Mon Jan  1 00:04:21 2024
3.93,3.83,3.86,3.89,3.94,3.96,198.58,21.40,23.41,Mon Jan  1 00:04:23 2024
3.94,3.85,3.87,3.86,3.93,4.00,236.67,21.40,23.45,Mon Jan  1 00:04:24 2024
3.93,3.86,3.87,3.92,3.88,4.00,239.96,21.40,23.45,Mon Jan  1 00:04:26 2024
3.94,3.85,3.86,3.86,3.93,3.99,240.58,21.40,23.44,Mon Jan  1 00:04:27 2024
3.95,3.84,3.85,3.93,3.89,3.99,238.92,21.40,23.44,Mon Jan  1 00:04:29 2024
3.95,3.84,3.88,3.86,3.90,4.07,223.25,21.40,23.50,Mon Jan  1 00:04:30 2024
3.94,3.84,3.88,3.86,3.93,3.99,235.54,21.40,23.44,Mon Jan  1 00:04:32 2024
3.93,3.85,3.85,3.92,3.83,4.06,239.92,21.40,23.44,Mon Jan  1 00:04:33 2024
3.93,3.84,3.89,3.83,3.96,3.92,240.25,21.40,23.37,Mon Jan  1 00:04:35 2024
3.92,3.87,3.88,3.87,3.90,4.01,237.29,21.40,23.44,Mon Jan  1 00:04:36 2024
3.91,3.87,3.83,3.89,3.93,4.00,236.25,21.40,23.43,Mon Jan  1 00:04:38 2024
3.92,3.83,3.91,3.85,3.93,4.00,240.17,21.40,23.44,Mon Jan  1 00:04:39 2024
3.91,3.87,3.90,3.83,3.95,3.89,238.75,21.40,23.34,Mon Jan  1 00:04:41 2024
3.90,3.86,3.90,3.86,3.91,3.89,238.25,21.40,23.31,Mon Jan  1 00:04:42 2024
3.90,3.87,3.89,3.85,3.92,3.96,235.54,21.40,23.38,Mon Jan  1 00:04:44 2024
3.89,3.93,3.81,3.89,3.89,3.95,222.71,21.40,23.35,Mon Jan  1 00:04:45 2024
3.89,3.84,3.91,3.87,3.90,3.97,240.25,21.40,23.38,Mon Jan  1 00:04:47 2024
3.89,3.87,3.89,3.88,3.85,4.03,238.46,21.40,23.41,Mon Jan  1 00:04:48 2024
3.89,3.83,3.93,3.84,4.10,3.93,236.79,21.40,23.53,Mon Jan  1 00:04:50 2024
3.89,3.88,3.84,3.91,3.92,4.00,235.12,21.40,23.43,Mon Jan  1 00:04:51 2024
3.89,3.85,3.87,3.98,3.82,4.03,240.12,21.40,23.43,Mon Jan  1 00:04:53 2024
3.89,3.88,3.86,3.91,3.83,3.97,240.58,21.40,23.35,Mon Jan  1 00:04:54 2024
3.89,3.88,3.85,3.90,3.94,3.76,239.75,21.40,23.23,Mon Jan  1 00:04:56 2024
3.90,3.85,3.86,3.92,3.90,4.01,234.58,21.40,23.44,Mon Jan  1 00:04:57 2024
3.89,3.88,3.88,3.84,3.85,4.07,236.25,21.40,23.42,Mon Jan  1 00:04:59 2024
3.90,3.85,3.83,3.96,3.79,4.10,240.75,21.40,23.43,Mon Jan  1 00:05:00 2024
3.90,3.87,3.85,3.90,3.91,4.01,239.92,21.40,23.44,Mon Jan  1 00:05:02 2024
3.90,3.87,3.88,3.88,3.93,4.00,236.92,21.40,23.44,Mon Jan  1 00:05:03 2024
3.89,3.88,3.82,3.93,3.89,4.02,237.08,21.40,23.43,Mon Jan  1 00:05:05 2024
3.89,3.87,3.90,3.89,3.86,4.02,238.54,21.40,23.42,Mon Jan  1 00:05:06 2024
3.91,3.85,3.87,3.87,3.92,4.16,239.17,21.40,23.59,Mon Jan  1 00:05:08 2024
3.89,3.84,3.89,3.89,3.90,4.03,238.96,21.40,23.44,Mon Jan  1 00:05:09 2024
3.89,3.85,3.89,3.93,3.90,3.99,236.29,21.40,23.44,Mon Jan  1 00:05:11 2024
3.89,3.85,3.90,3.90,3.87,4.03,237.67,21.40,23.45,Mon Jan  1 00:05:12 2024
3.90,3.87,3.88,3.89,3.91,3.99,241.83,21.40,23.44,Mon Jan  1 00:05:14 2024
3.89,3.85,3.89,3.91,3.91,3.92,239.58,21.40,23.37,Mon Jan  1 00:05:15 2024
3.91,3.84,3.91,3.87,3.91,4.00,237.29,21.40,23.44,Mon Jan  1 00:05:17 2024
3.90,3.85,3.88,3.88,3.93,3.95,235.33,21.40,23.39,Mon Jan  1 00:05:18 2024
3.90,3.87,3.88,3.88,3.91,4.00,241.46,21.40,23.44,Mon Jan  1 00:05:20 2024
3.89,3.86,3.89,3.91,3.89,4.01,229.33,21.40,23.44,Mon Jan  1 00:05:21 2024
3.89,3.85,3.89,3.90,3.88,4.02,240.96,21.40,23.43,Mon Jan  1 00:05:23 2024
3.89,3.90,3.80,3.95,3.86,4.05,235.37,21.40,23.44,Mon Jan  1 00:05:24 2024
3.90,3.88,3.86,3.88,3.90,3.95,237.00,21.40,23.38,Mon Jan  1 00:05:26 2024
3.90,3.89,3.87,3.90,3.73,4.13,242.25,21.40,23.42,Mon Jan  1 00:05:27 2024
3.91,3.91,3.83,3.92,3.89,4.01,240.12,21.40,23.47,Mon Jan  1 00:05:29 2024
3.93,3.82,3.92,3.89,3.89,4.00,238.67,21.40,23.46,Mon Jan  1 00:05:30 2024
3.92,3.87,3.87,3.88,3.91,4.01,237.21,21.40,23.46,Mon Jan  1 00:05:32 2024
3.94,3.86,3.90,3.87,3.88,3.98,238.25,21.40,23.42,Mon Jan  1 00:05:33 2024
3.95,3.85,3.89,3.90,3.86,4.01,240.83,21.40,23.45,Mon Jan  1 00:05:35 2024
3.96,3.84,3.87,3.96,3.81,3.88,238.25,21.40,23.31,Mon Jan  1 00:05:36 2024
3.94,3.85,3.88,3.95,3.84,4.02,237.71,21.40,23.47,Mon Jan  1 00:05:38 2024
3.95,3.85,3.86,3.87,3.92,4.02,237.96,21.40,23.47,Mon Jan  1 00:05:39 2024
3.94,3.85,3.85,3.91,3.72,4.17,239.92,21.40,23.44,Mon Jan  1 00:05:41 2024
3.93,3.84,3.88,3.85,3.95,4.02,240.00,21.40,23.47,Mon Jan  1 00:05:42 2024
3.92,3.85,3.87,3.91,3.89,3.99,237.62,21.40,23.44,Mon Jan  1 00:05:44 2024
3.92,3.88,3.85,3.92,3.89,3.99,235.58,21.40,23.44,Mon Jan  1 00:05:45 2024
3.92,3.85,3.89,3.84,3.95,3.99,238.50,21.40,23.44,Mon Jan  1 00:05:47 2024
3.91,3.92,3.82,3.87,3.92,3.99,241.17,21.40,23.44,Mon Jan  1 00:05:48 2024
3.91,3.86,3.88,3.89,3.83,4.07,240.00,21.40,23.45,Mon Jan  1 00:05:50 2024
3.97,3.91,3.90,3.96,3.80,4.22,498.79,21.40,23.76,Mon Jan  1 00:05:51 2024
3.85,3.82,3.84,3.83,3.87,3.93,-24.42,21.40,23.14,Mon Jan  1 00:05:53 2024
3.98,3.92,3.92,3.97,3.92,4.08,558.54,21.40,23.79,Mon Jan  1 00:05:54 2024
3.86,3.80,3.80,3.92,3.86,4.00,-24.00,21.40,23.24,Mon Jan  1 00:05:56 2024
3.86,3.82,3.83,3.84,3.85,3.94,-24.12,21.40,23.14,Mon Jan  1 00:05:57 2024
3.87,3.81,3.82,3.88,3.89,3.85,-24.12,21.40,23.13,Mon Jan  1 00:05:59 2024
3.87,3.83,3.80,3.87,3.69,4.09,-24.04,21.40,23.15,Mon Jan  1 00:06:00 2024
3.89,3.80,3.83,3.84,3.84,3.93,-23.92,21.40,23.13,Mon Jan  1 00:06:02 2024
3.88,3.80,3.91,3.72,3.93,4.01,-23.62,21.40,23.26,Mon Jan  1 00:06:03 2024
3.89,3.74,3.88,3.83,3.88,3.98,-23.58,21.40,23.20,Mon Jan  1 00:06:05 2024
3.89,3.80,3.83,3.82,3.86,3.90,-23.12,21.40,23.10,Mon Jan  1 00:06:06 2024
3.86,3.76,3.89,3.87,3.83,3.91,-22.12,21.40,23.13,Mon Jan  1 00:06:08 2024
3.89,3.80,3.83,3.87,3.84,3.92,-19.96,21.40,23.14,Mon Jan  1 00:06:09 2024
3.88,3.81,3.82,3.86,3.83,3.95,-16.42,21.40,23.16,Mon Jan  1 00:06:11 2024
3.89,3.80,3.82,3.87,3.82,3.99,-10.63,21.40,23.19,Mon Jan  1 00:06:12 2024
3.92,3.76,3.83,3.89,3.82,3.94,-3.21,21.40,23.15,Mon Jan  1 00:06:14 2024
3.90,3.82,3.81,3.89,3.79,4.02,8.79,21.40,23.22,Mon Jan  1 00:06:15 2024
3.90,3.83,3.82,3.88,3.78,3.92,7.92,21.40,23.13,Mon Jan  1 00:06:17 2024
3.89,3.80,3.85,3.85,3.91,3.98,45.58,21.40,23.28,Mon Jan  1 00:06:18 2024
3.92,3.80,3.86,3.91,3.82,3.97,72.71,21.40,23.27,Mon Jan  1 00:06:20 2024
3.88,3.85,3.82,3.82,3.92,3.99,96.79,21.40,23.28,Mon Jan  1 00:06:21 2024
3.92,3.81,3.84,3.85,3.89,3.99,126.87,21.40,23.30,Mon Jan  1 00:06:23 2024
3.91,3.81,3.85,3.86,3.88,4.00,155.54,21.40,23.31,Mon Jan  1 00:06:24 2024
3.90,3.81,3.93,3.86,3.87,4.04,189.17,21.40,23.41,Mon Jan  1 00:06:26 2024
3.90,3.85,3.87,3.84,3.92,4.05,232.00,21.40,23.44,Mon Jan  1 00:06:27 2024
3.90,3.86,3.90,3.87,3.92,3.94,232.04,21.40,23.37,Mon Jan  1 00:06:29 2024
3.89,3.85,3.89,3.89,3.90,3.99,228.12,21.40,23.41,Mon Jan  1 00:06:30 2024
3.88,3.91,3.85,3.86,3.90,3.92,225.37,21.40,23.32,Mon Jan  1 00:06:32 2024
3.89,3.88,3.88,3.86,3.83,4.10,227.12,21.40,23.44,Mon Jan  1 00:06:33 2024
3.87,3.86,3.88,3.90,3.86,4.03,231.62,21.40,23.40,Mon Jan  1 00:06:35 2024
3.87,3.89,3.88,3.90,3.81,4.05,228.67,21.40,23.40,Mon Jan  1 00:06:36 2024
3.87,3.89,3.88,3.88,3.89,3.98,226.87,21.40,23.38,Mon Jan  1 00:06:38 2024
3.87,3.85,3.88,3.93,3.78,4.14,225.83,21.40,23.45,Mon Jan  1 00:06:39 2024
3.87,3.87,3.88,3.89,3.78,4.13,226.37,21.40,23.41,Mon Jan  1 00:06:41 2024
3.89,3.85,3.89,3.89,3.89,4.00,230.12,21.40,23.41,Mon Jan  1 00:06:42 2024
3.88,3.88,3.86,3.89,3.95,4.07,229.54,21.40,23.51,Mon Jan  1 00:06:44 2024
3.89,3.86,3.86,3.90,3.95,3.98,227.33,21.40,23.44,Mon Jan  1 00:06:45 2024
3.87,3.88,3.83,3.95,3.75,4.14,226.00,21.40,23.41,Mon Jan  1 00:06:47 2024
3.87,3.89,3.82,3.91,3.94,3.92,228.58,21.40,23.34,Mon Jan  1 00:06:48 2024
3.87,3.90,3.82,3.92,3.91,4.02,230.00,21.40,23.42,Mon Jan  1 00:06:50 2024
3.85,3.88,3.89,3.88,3.91,3.96,228.37,21.40,23.37,Mon Jan  1 00:06:51 2024
3.84,3.95,3.82,3.91,3.93,3.97,225.75,21.40,23.42,Mon Jan  1 00:06:53 2024
3.86,3.90,3.93,3.83,3.91,4.01,227.29,21.40,23.44,Mon Jan  1 00:06:54 2024
3.86,3.89,3.80,3.97,3.93,3.98,228.12,21.40,23.42,Mon Jan  1 00:06:56 2024
3.87,3.90,3.87,3.88,3.99,3.93,228.75,21.40,23.44,Mon Jan  1 00:06:57 2024
3.87,3.90,3.86,3.92,3.60,4.29,228.12,21.40,23.44,Mon Jan  1 00:06:59 2024
3.81,3.86,3.84,3.90,3.80,3.95,-24.42,21.40,23.16,Mon Jan  1 00:07:00 2024
3.88,3.91,3.86,3.86,3.94,4.01,265.83,21.40,23.46,Mon Jan  1 00:07:02 2024
3.87,3.89,3.89,3.91,3.92,3.97,265.46,21.40,23.45,Mon Jan  1 00:07:03 2024
3.87,3.92,3.87,3.91,3.88,4.02,267.62,21.40,23.47,Mon Jan  1 00:07:05 2024
3.84,3.87,3.86,3.87,3.86,3.96,62.92,21.40,23.25,Mon Jan  1 00:07:06 2024
3.88,3.85,3.85,3.88,3.86,3.97,86.17,21.40,23.29,Mon Jan  1 00:07:08 2024
3.85,3.89,3.87,3.82,3.90,3.81,111.17,21.40,23.15,Mon Jan  1 00:07:09 2024
3.86,3.89,3.85,3.88,3.90,3.90,139.12,21.40,23.28,Mon Jan  1 00:07:11 2024
3.88,3.90,3.85,3.76,4.02,3.90,172.87,21.40,23.31,Mon Jan  1 00:07:12 2024
3.89,3.90,3.87,3.89,3.89,3.92,205.87,21.40,23.35,Mon Jan  1 00:07:14 2024
3.89,3.89,3.86,3.91,3.81,4.09,204.33,21.40,23.44,Mon Jan  1 00:07:15 2024
3.91,3.83,3.91,3.85,3.94,3.98,202.67,21.40,23.41,Mon Jan  1 00:07:17 2024
3.89,3.90,3.87,3.86,3.93,4.00,201.79,21.40,23.44,Mon Jan  1 00:07:18 2024
3.90,3.88,3.86,3.87,3.94,3.96,202.21,21.40,23.41,Mon Jan  1 00:07:20 2024
3.91,3.88,3.85,3.90,3.89,4.01,205.37,21.40,23.44,Mon Jan  1 00:07:21 2024
3.92,3.85,3.88,3.89,3.91,3.93,202.92,21.40,23.38,Mon Jan  1 00:07:23 2024
3.93,3.84,3.89,3.88,3.91,3.99,199.62,21.40,23.44,Mon Jan  1 00:07:24 2024
3.96,3.85,3.86,3.95,3.84,4.04,236.46,21.40,23.49,Mon Jan  1 00:07:26 2024
3.97,3.83,3.87,3.87,3.90,4.07,242.42,21.40,23.51,Mon Jan  1 00:07:27 2024
3.97,3.82,3.86,3.93,3.86,4.06,241.21,21.40,23.50,Mon Jan  1 00:07:29 2024
3.98,3.82,3.88,3.91,3.87,4.01,240.00,21.40,23.49,Mon Jan  1 00:07:30 2024
3.99,3.80,3.86,3.93,3.86,4.01,237.25,21.40,23.46,Mon Jan  1 00:07:32 2024
3.99,3.80,3.86,3.94,3.83,4.06,235.75,21.40,23.49,Mon Jan  1 00:07:33 2024
3.96,3.82,3.88,3.84,4.04,3.91,241.00,21.40,23.45,Mon Jan  1 00:07:35 2024
3.96,3.82,3.86,3.93,3.86,4.02,239.83,21.40,23.45,Mon Jan  1 00:07:36 2024
3.93,3.84,3.89,3.92,3.83,4.05,236.87,21.40,23.46,Mon Jan  1 00:07:38 2024
3.92,3.85,3.87,3.90,3.90,4.00,232.83,21.40,23.44,Mon Jan  1 00:07:39 2024
3.89,3.87,3.89,3.91,3.88,3.98,235.04,21.40,23.43,Mon Jan  1 00:07:41 2024
3.89,3.89,3.71,4.02,3.94,4.03,239.17,21.40,23.47,Mon Jan  1 00:07:42 2024
3.89,3.88,3.88,3.89,3.89,4.01,237.83,21.40,23.44,Mon Jan  1 00:07:44 2024
3.88,3.91,3.86,3.93,3.86,3.99,235.87,21.40,23.44,Mon Jan  1 00:07:45 2024
3.89,3.88,3.89,3.89,3.82,4.06,231.83,21.40,23.42,Mon Jan  1 00:07:47 2024
3.92,3.83,3.89,3.94,3.86,4.02,234.29,21.40,23.47,Mon Jan  1 00:07:48 2024
3.92,3.85,3.87,3.87,3.92,4.01,236.71,21.40,23.44,Mon Jan  1 00:07:50 2024
3.94,3.83,3.88,3.91,3.89,3.96,236.92,21.40,23.41,Mon Jan  1 00:07:51 2024
3.97,3.82,3.87,3.89,3.91,3.94,236.50,21.40,23.39,Mon Jan  1 00:07:53 2024
4.00,3.79,3.86,3.94,3.88,4.12,232.87,21.40,23.60,Mon Jan  1 00:07:54 2024
4.00,3.80,3.86,3.93,3.86,4.05,232.29,21.40,23.50,Mon Jan  1 00:07:56 2024
4.02,3.79,3.91,3.90,3.90,3.93,237.67,21.40,23.44,Mon Jan  1 00:07:57 2024
3.94,3.85,3.88,3.93,3.85,3.99,237.62,21.40,23.44,Mon Jan  1 00:07:59 2024
3.93,3.86,3.89,3.91,3.86,4.01,233.96,21.40,23.46,Mon Jan  1 00:08:00 2024
3.92,3.88,3.86,3.94,3.86,4.03,231.58,21.40,23.49,Mon Jan  1 00:08:02 2024
3.90,3.91,3.86,3.94,3.87,3.96,217.54,21.40,23.43,Mon Jan  1 00:08:03 2024
3.89,3.91,3.86,3.92,3.89,3.97,236.00,21.40,23.43,Mon Jan  1 00:08:05 2024
3.88,3.93,3.85,3.94,3.86,3.99,235.83,21.40,23.45,Mon Jan  1 00:08:06 2024
3.88,3.91,3.89,3.82,3.95,3.99,233.37,21.40,23.44,Mon Jan  1 00:08:08 2024
3.88,3.89,3.89,3.94,3.86,4.04,231.79,21.40,23.50,Mon Jan  1 00:08:09 2024
3.87,3.97,3.81,3.94,3.86,3.99,232.71,21.40,23.44,Mon Jan  1 00:08:11 2024
3.88,3.87,3.91,3.87,3.92,3.99,234.00,21.40,23.44,Mon Jan  1 00:08:12 2024
3.88,3.90,3.88,3.95,3.84,4.12,233.29,21.40,23.57,Mon Jan  1 00:08:14 2024
3.91,3.86,3.89,3.91,3.86,4.01,231.46,21.40,23.44,Mon Jan  1 00:08:15 2024
3.92,3.87,3.86,3.90,3.89,4.00,232.54,21.40,23.45,Mon Jan  1 00:08:17 2024
3.95,3.84,3.87,3.94,3.86,4.02,233.46,21.40,23.47,Mon Jan  1 00:08:18 2024
4.00,3.81,3.87,3.91,3.91,4.06,232.96,21.40,23.55,Mon Jan  1 00:08:20 2024
3.96,3.84,3.86,3.98,3.86,3.96,230.46,21.40,23.47,Mon Jan  1 00:08:21 2024
3.92,3.88,3.89,3.93,3.85,4.00,229.83,21.40,23.47,Mon Jan  1 00:08:23 2024
3.90,3.90,3.85,3.95,3.86,4.02,233.37,21.40,23.49,Mon Jan  1 00:08:24 2024
3.89,3.91,3.87,3.91,3.89,3.94,235.33,21.40,23.41,Mon Jan  1 00:08:26 2024
3.88,3.93,3.86,3.93,3.88,3.99,233.71,21.40,23.46,Mon Jan  1 00:08:27 2024
3.87,3.92,3.86,3.83,4.07,3.90,228.37,21.40,23.46,Mon Jan  1 00:08:29 2024
3.87,3.92,3.86,3.84,3.95,4.00,230.67,21.40,23.45,Mon Jan  1 00:08:30 2024
3.87,3.93,3.85,3.94,3.86,3.98,234.29,21.40,23.43,Mon Jan  1 00:08:32 2024
3.87,3.91,3.90,3.87,3.86,4.04,232.21,21.40,23.44,Mon Jan  1 00:08:33 2024
3.87,3.89,3.89,3.94,3.86,4.10,231.04,21.40,23.55,Mon Jan  1 00:08:35 2024
3.88,3.87,3.90,3.94,3.86,3.99,229.33,21.40,23.44,Mon Jan  1 00:08:36 2024
3.89,3.87,3.85,3.94,3.86,4.05,230.67,21.40,23.45,Mon Jan  1 00:08:38 2024
3.92,3.86,3.88,3.88,3.91,4.03,232.67,21.40,23.49,Mon Jan  1 00:08:39 2024
3.95,3.84,3.88,3.91,3.89,4.05,231.00,21.40,23.51,Mon Jan  1 00:08:41 2024
3.97,3.81,3.87,3.91,3.89,3.96,230.04,21.40,23.41,Mon Jan  1 00:08:42 2024
3.99,3.81,3.81,3.90,3.96,4.01,229.17,21.40,23.47,Mon Jan  1 00:08:44 2024
4.00,3.80,3.90,3.89,3.90,4.19,233.04,21.40,23.67,Mon Jan  1 00:08:45 2024
3.99,3.79,3.88,3.90,3.88,3.99,232.67,21.40,23.44,Mon Jan  1 00:08:47 2024
3.97,3.82,3.86,3.92,3.87,4.02,230.33,21.40,23.47,Mon Jan  1 00:08:48 2024
3.94,3.85,3.87,3.94,3.85,4.03,227.00,21.40,23.47,Mon Jan  1 00:08:50 2024
3.91,3.88,3.82,3.94,3.91,4.01,230.75,21.40,23.47,Mon Jan  1 00:08:51 2024
3.87,3.92,3.88,3.91,3.93,3.94,232.50,21.40,23.44,Mon Jan  1 00:08:53 2024
3.89,3.93,3.87,3.93,3.91,3.91,218.58,21.40,23.43,Mon Jan  1 00:08:54 2024
3.92,3.88,3.89,3.91,3.90,4.03,227.75,21.40,23.53,Mon Jan  1 00:08:56 2024
3.94,3.87,3.85,3.95,3.87,4.02,227.08,21.40,23.50,Mon Jan  1 00:08:57 2024
3.99,3.80,3.91,3.89,3.93,3.96,229.00,21.40,23.48,Mon Jan  1 00:08:59 2024
4.00,3.82,3.93,3.85,3.94,4.00,231.21,21.40,23.54,Mon Jan  1 00:09:00 2024
4.00,3.84,3.85,3.94,3.89,3.96,230.04,21.40,23.47,Mon Jan  1 00:09:02 2024
4.00,3.77,3.91,3.95,3.88,3.99,225.25,21.40,23.50,Mon Jan  1 00:09:03 2024
4.02,3.80,3.82,3.98,3.92,3.98,228.58,21.40,23.50,Mon Jan  1 00:09:05 2024
4.00,3.80,3.87,3.94,3.92,3.98,230.87,21.40,23.50,Mon Jan  1 00:09:06 2024
4.00,3.80,3.81,3.95,3.90,4.03,230.54,21.40,23.49,Mon Jan  1 00:09:08 2024
3.96,3.82,3.88,3.94,3.86,3.86,227.62,21.40,23.31,Mon Jan  1 00:09:09 2024
3.93,3.84,3.89,3.91,3.90,4.01,227.33,21.40,23.49,Mon Jan  1 00:09:11 2024
3.90,3.87,3.88,3.90,3.89,4.00,229.54,21.40,23.45,Mon Jan  1 00:09:12 2024
3.82,3.81,3.95,3.81,3.85,3.99,-26.75,21.40,23.23,Mon Jan  1 00:09:14 2024
3.81,3.87,3.85,3.84,3.83,3.99,-26.71,21.40,23.20,Mon Jan  1 00:09:15 2024
3.78,3.90,3.85,3.84,3.85,3.97,-26.83,21.40,23.19,Mon Jan  1 00:09:17 2024
3.78,3.89,3.84,3.78,3.90,3.92,-46.46,21.40,23.12,Mon Jan  1 00:09:18 2024
3.80,3.87,3.82,3.85,3.84,3.93,-46.50,21.40,23.13,Mon Jan  1 00:09:20 2024
3.80,3.84,3.89,3.83,3.72,4.03,-46.71,21.40,23.12,Mon Jan  1 00:09:21 2024
3.81,3.85,3.83,3.85,3.87,3.87,-46.62,21.40,23.08,Mon Jan  1 00:09:23 2024
3.85,3.83,3.84,3.85,3.83,3.93,-46.71,21.40,23.13,Mon Jan  1 00:09:24 2024
3.88,3.77,3.82,3.87,3.85,3.93,-46.62,21.40,23.13,Mon Jan  1 00:09:26 2024
3.85,3.80,3.84,3.84,3.86,3.93,-46.62,21.40,23.13,Mon Jan  1 00:09:27 2024
3.87,3.79,3.84,3.80,3.99,3.99,-46.75,21.40,23.27,Mon Jan  1 00:09:29 2024
3.87,3.81,3.79,3.85,3.87,3.94,-46.62,21.40,23.13,Mon Jan  1 00:09:30 2024
3.89,3.76,3.88,3.82,3.83,3.84,-46.54,21.40,23.02,Mon Jan  1 00:09:32 2024
3.86,3.82,3.82,3.85,3.85,3.94,-46.75,21.40,23.14,Mon Jan  1 00:09:33 2024
3.86,3.81,3.83,3.80,3.88,3.93,-46.67,21.40,23.11,Mon Jan  1 00:09:35 2024
3.85,3.82,3.82,3.86,3.79,3.99,-46.83,21.40,23.13,Mon Jan  1 00:09:36 2024
3.86,3.78,3.81,3.90,3.84,3.92,-46.62,21.40,23.12,Mon Jan  1 00:09:38 2024
3.86,3.80,3.82,3.84,3.86,3.92,-46.67,21.40,23.10,Mon Jan  1 00:09:39 2024
3.86,3.78,3.86,3.84,3.83,3.91,-46.75,21.40,23.08,Mon Jan  1 00:09:41 2024
3.86,3.79,3.84,3.82,3.86,3.96,-46.75,21.40,23.14,Mon Jan  1 00:09:42 2024
3.85,3.81,3.84,3.80,3.88,3.95,-46.83,21.40,23.13,Mon Jan  1 00:09:44 2024
3.87,3.82,3.83,3.87,3.80,3.98,-27.04,21.40,23.18,Mon Jan  1 00:09:45 2024
3.87,3.81,3.84,3.84,3.85,3.97,-26.92,21.40,23.18,Mon Jan  1 00:09:47 2024
3.87,3.81,3.81,3.89,3.81,3.94,-26.92,21.40,23.14,Mon Jan  1 00:09:48 2024
3.86,3.82,3.82,3.88,3.82,3.96,-26.92,21.40,23.16,Mon Jan  1 00:09:50 2024
3.87,3.79,3.84,3.86,3.83,3.96,-26.96,21.40,23.16,Mon Jan  1 00:09:51 2024
3.87,3.79,3.86,3.86,3.82,3.96,-26.92,21.40,23.17,Mon Jan  1 00:09:53 2024
3.87,3.81,3.83,3.87,3.82,3.94,-26.87,21.40,23.14,Mon Jan  1 00:09:54 2024
3.87,3.82,3.82,3.88,3.82,3.94,-26.92,21.40,23.15,Mon Jan  1 00:09:56 2024
3.87,3.82,3.84,3.82,3.86,3.95,-26.92,21.40,23.16,Mon Jan  1 00:09:57 2024
3.87,3.80,3.83,3.84,3.85,3.98,-26.83,21.40,23.17,Mon Jan  1 00:09:59 2024
3.87,3.84,3.80,3.85,3.84,3.92,-26.87,21.40,23.13,Mon Jan  1 00:10:00 2024
3.87,3.81,3.84,3.85,3.82,3.94,-26.75,21.40,23.14,Mon Jan  1 00:10:02 2024
3.87,3.79,3.85,3.86,3.85,3.90,-26.83,21.40,23.11,Mon Jan  1 00:10:03 2024
3.87,3.82,3.83,3.85,3.83,3.96,-26.83,21.40,23.16,Mon Jan  1 00:10:05 2024
3.87,3.80,3.84,3.87,3.82,3.96,-26.87,21.40,23.16,Mon Jan  1 00:10:06 2024
3.87,3.80,3.86,3.84,3.84,3.97,-26.87,21.40,23.19,Mon Jan  1 00:10:08 2024
3.87,3.81,3.84,3.86,3.84,3.95,-26.92,21.40,23.16,Mon Jan  1 00:10:09 2024
3.87,3.81,3.84,3.83,3.85,3.98,-26.87,21.40,23.18,Mon Jan  1 00:10:11 2024
3.87,3.79,3.86,3.83,3.84,3.95,-26.92,21.40,23.16,Mon Jan  1 00:10:12 2024
3.87,3.81,3.85,3.84,3.84,3.95,-26.87,21.40,23.16,Mon Jan  1 00:10:14 2024
3.87,3.81,3.82,3.86,3.82,3.95,-26.87,21.40,23.13,Mon Jan  1 00:10:15 2024
3.88,3.80,3.83,3.86,3.83,3.94,-26.83,21.40,23.15,Mon Jan  1 00:10:17 2024
3.87,3.80,3.83,3.82,3.88,3.93,-26.92,21.40,23.14,Mon Jan  1 00:10:18 2024
3.87,3.80,3.83,3.87,3.83,3.93,-26.92,21.40,23.13,Mon Jan  1 00:10:20 2024
3.87,3.79,3.85,3.87,3.82,3.93,-26.83,21.40,23.13,Mon Jan  1 00:10:21 2024
3.88,3.79,3.83,3.85,3.84,3.93,-26.87,21.40,23.13,Mon Jan  1 00:10:23 2024
3.87,3.80,3.83,3.88,3.82,3.95,-26.87,21.40,23.15,Mon Jan  1 00:10:24 2024
3.87,3.81,3.84,3.82,3.86,3.94,-26.83,21.40,23.14,Mon Jan  1 00:10:26 2024
3.87,3.79,3.84,3.88,3.83,3.92,-26.92,21.40,23.13,Mon Jan  1 00:10:27 2024
3.87,3.78,3.86,3.85,3.84,3.94,-26.92,21.40,23.14,Mon Jan  1 00:10:29 2024
3.86,3.79,3.85,3.84,3.86,3.95,-26.92,21.40,23.16,Mon Jan  1 00:10:30 2024
3.87,3.81,3.82,3.86,3.84,3.93,-26.87,21.40,23.13,Mon Jan  1 00:10:32 2024
3.87,3.80,3.83,3.85,3.84,3.93,-26.92,21.40,23.13,Mon Jan  1 00:10:33 2024
3.86,3.80,3.83,3.87,3.79,4.00,-26.92,21.40,23.16,Mon Jan  1 00:10:35 2024
3.86,3.80,3.84,3.84,3.86,3.94,-26.87,21.40,23.14,Mon Jan  1 00:10:36 2024
3.87,3.81,3.82,3.83,3.86,3.93,-26.83,21.40,23.13,Mon Jan  1 00:10:38 2024
3.87,3.81,3.82,3.81,3.84,3.98,-26.83,21.40,23.14,Mon Jan  1 00:10:39 2024
3.87,3.81,3.82,3.85,3.83,3.95,-26.92,21.40,23.13,Mon Jan  1 00:10:41 2024
3.87,3.80,3.85,3.80,3.88,3.93,-26.92,21.40,23.13,Mon Jan  1 00:10:42 2024
3.86,3.78,3.86,3.87,3.83,3.92,-26.87,21.40,23.12,Mon Jan  1 00:10:44 2024
3.86,3.80,3.82,3.85,3.86,3.93,-26.87,21.40,23.13,Mon Jan  1 00:10:45 2024
3.85,3.83,3.82,3.85,3.85,3.93,-26.83,21.40,23.13,Mon Jan  1 00:10:47 2024
3.87,3.80,3.85,3.83,3.86,3.94,-26.83,21.40,23.15,Mon Jan  1 00:10:48 2024
3.87,3.83,3.80,3.88,3.80,3.95,-26.87,21.40,23.13,Mon Jan  1 00:10:50 2024
3.86,3.83,3.80,3.82,3.88,3.98,-26.83,21.40,23.18,Mon Jan  1 00:10:51 2024
3.87,3.80,3.84,3.84,3.86,3.93,-26.87,21.40,23.13,Mon Jan  1 00:10:53 2024
3.87,3.81,3.81,3.86,3.84,3.95,-26.83,21.40,23.15,Mon Jan  1 00:10:54 2024
3.87,3.80,3.85,3.80,3.88,3.94,-26.83,21.40,23.14,Mon Jan  1 00:10:56 2024
3.87,3.80,3.83,3.83,3.87,3.94,-26.92,21.40,23.14,Mon Jan  1 00:10:57 2024
3.87,3.86,3.77,3.80,3.91,3.91,-26.87,21.40,23.12,Mon Jan  1 00:10:59 2024
3.87,3.81,3.82,3.83,3.87,3.94,-26.87,21.40,23.14,Mon Jan  1 00:11:00 2024
3.87,3.79,3.86,3.83,3.84,3.93,-26.87,21.40,23.13,Mon Jan  1 00:11:02 2024
3.87,3.80,3.83,3.83,3.87,3.92,-26.83,21.40,23.12,Mon Jan  1 00:11:03 2024
3.87,3.81,3.82,3.77,3.92,3.93,-26.92,21.40,23.13,Mon Jan  1 00:11:05 2024
3.87,3.81,3.86,3.81,3.86,3.93,-26.83,21.40,23.13,Mon Jan  1 00:11:06 2024
3.87,3.80,3.83,3.81,3.88,3.95,-26.87,21.40,23.15,Mon Jan  1 00:11:08 2024
3.87,3.81,3.83,3.83,3.86,3.94,-26.87,21.40,23.14,Mon Jan  1 00:11:09 2024
3.87,3.80,3.84,3.85,3.82,3.96,-26.87,21.40,23.13,Mon Jan  1 00:11:11 2024
3.87,3.80,3.84,3.82,3.87,3.93,-26.92,21.40,23.13,Mon Jan  1 00:11:12 2024
3.86,3.82,3.82,3.82,3.88,3.92,-26.75,21.40,23.12,Mon Jan  1 00:11:14 2024
3.87,3.81,3.82,3.81,3.89,3.90,-26.75,21.40,23.10,Mon Jan  1 00:11:15 2024
3.87,3.80,3.83,3.81,3.88,3.95,-26.87,21.40,23.15,Mon Jan  1 00:11:17 2024
3.87,3.81,3.82,3.82,3.87,3.91,-26.92,21.40,23.11,Mon Jan  1 00:11:18 2024
3.87,3.81,3.82,3.85,3.84,3.96,-26.92,21.40,23.16,Mon Jan  1 00:11:20 2024
3.87,3.80,3.83,3.85,3.83,3.97,-26.87,21.40,23.16,Mon Jan  1 00:11:21 2024
3.87,3.79,3.84,3.76,3.92,3.94,-26.87,21.40,23.12,Mon Jan  1 00:11:23 2024
3.87,3.81,3.82,3.78,3.91,3.94,-26.83,21.40,23.13,Mon Jan  1 00:11:24 2024
3.87,3.80,3.83,3.82,3.86,3.95,-26.87,21.40,23.13,Mon Jan  1 00:11:26 2024
3.87,3.81,3.82,3.82,3.87,3.95,-26.92,21.40,23.14,Mon Jan  1 00:11:27 2024
3.87,3.79,3.83,3.81,3.87,3.95,-26.83,21.40,23.13,Mon Jan  1 00:11:29 2024
3.87,3.81,3.82,3.83,3.86,3.93,-26.87,21.40,23.12,Mon Jan  1 00:11:30 2024
3.86,3.81,3.82,3.80,3.90,3.92,-26.92,21.40,23.12,Mon Jan  1 00:11:32 2024
3.85,3.81,3.82,3.81,3.90,3.93,-26.92,21.40,23.13,Mon Jan  1 00:11:33 2024
3.85,3.79,3.86,3.80,3.90,3.92,-26.92,21.40,23.12,Mon Jan  1 00:11:35 2024
3.85,3.82,3.83,3.84,3.78,4.02,-26.87,21.40,23.14,Mon Jan  1 00:11:36 2024
3.85,3.82,3.84,3.82,3.87,3.91,-26.92,21.40,23.11,Mon Jan  1 00:11:38 2024
3.84,3.83,3.82,3.82,3.86,3.95,-26.83,21.40,23.13,Mon Jan  1 00:11:39 2024
3.85,3.81,3.84,3.80,3.86,3.97,-26.87,21.40,23.13,Mon Jan  1 00:11:41 2024
3.85,3.82,3.84,3.83,3.78,4.01,-26.96,21.40,23.13,Mon Jan  1 00:11:42 2024
3.85,3.82,3.83,3.83,3.83,3.96,-26.87,21.40,23.12,Mon Jan  1 00:11:44 2024
3.85,3.82,3.82,3.85,3.86,3.93,-26.87,21.40,23.13,Mon Jan  1 00:11:45 2024
3.86,3.81,3.84,3.82,3.86,3.95,-26.87,21.40,23.13,Mon Jan  1 00:11:47 2024
3.85,3.80,3.85,3.81,3.88,3.92,-26.83,21.40,23.12,Mon Jan  1 00:11:48 2024
3.86,3.80,3.84,3.83,3.82,3.97,-26.92,21.40,23.12,Mon Jan  1 00:11:50 2024
3.84,3.82,3.83,3.82,3.85,3.94,-26.92,21.40,23.11,Mon Jan  1 00:11:51 2024
3.86,3.80,3.84,3.84,3.82,3.91,-26.92,21.40,23.07,Mon Jan  1 00:11:53 2024
3.86,3.81,3.83,3.81,3.88,3.95,-26.87,21.40,23.13,Mon Jan  1 00:11:54 2024
3.85,3.80,3.84,3.84,3.84,3.95,-26.87,21.40,23.12,Mon Jan  1 00:11:56 2024
3.86,3.81,3.83,3.85,3.85,3.93,-26.92,21.40,23.13,Mon Jan  1 00:11:57 2024
3.85,3.81,3.84,3.87,3.81,3.95,-26.87,21.40,23.13,Mon Jan  1 00:11:59 2024
3.85,3.79,3.87,3.82,3.85,3.94,-26.87,21.40,23.12,Mon Jan  1 00:12:00 2024
3.85,3.80,3.85,3.78,3.89,3.93,-26.96,21.40,23.10,Mon Jan  1 00:12:02 2024
3.85,3.80,3.84,3.83,3.86,3.90,-26.87,21.30,23.09,Mon Jan  1 00:12:03 2024
3.86,3.79,3.86,3.82,3.86,3.95,-26.92,21.30,23.13,Mon Jan  1 00:12:05 2024
3.85,3.82,3.82,3.83,3.87,3.92,-26.87,21.20,23.12,Mon Jan  1 00:12:06 2024
3.85,3.82,3.82,3.80,3.91,3.92,-26.83,21.20,23.13,Mon Jan  1 00:12:08 2024
3.85,3.77,3.86,3.87,3.82,3.97,-26.87,21.10,23.13,Mon Jan  1 00:12:09 2024
3.84,3.80,3.84,3.83,3.84,3.97,-26.83,21.10,23.13,Mon Jan  1 00:12:11 2024
3.84,3.82,3.83,3.79,3.91,3.92,-26.96,21.10,23.12,Mon Jan  1 00:12:12 2024
3.86,3.81,3.82,3.81,3.86,3.99,-26.83,21.10,23.14,Mon Jan  1 00:12:14 2024
